N	p	P_fail
178	63	0
104	72	0
94	56	0.0666667
96	99	0.0333333
135	34	0
78	44	0
126	5	0
84	32	0
57	19	0
141	18	0
133	34	0
175	93	0.0333333
194	36	0
172	92	0
130	39	0
Zero
98	29	0
120	58	0
187	60	0
101	41	0
138	45	0
189	62	0
52	79	0
131	16	0
109	42	0
182	98	0.0333333
84	46	0.0333333
113	65	0.0333333
157	51	0
138	67	0
159	78	0
142	31	0.0666667
84	46	0
Zero
165	60	0
80	37	0.0333333
52	62	0
59	49	0
76	53	0
101	78	0.0333333
175	41	0
68	83	0
105	5	0
86	73	0
90	43	0.0333333
162	7	0
139	46	0
183	16	0
62	15	0
111	35	0
136	8	0
101	8	0
150	78	0
143	18	0
53	51	0
125	54	0.0333333
188	99	0
59	63	0.0666667
101	31	0
178	81	0.0333333
133	77	0
134	51	0.0666667
99	51	0.0333333
141	44	0
185	61	0.1
142	93	0
199	95	0
95	25	0
70	98	0
123	39	0.0333333
99	86	0
