N	p	P_fail
132	8	0
Zero
66	8	0
112	76	0.0666667
129	99	0
134	19	0
182	98	0
154	68	0
50	86	0.0333333
122	57	0.0333333
181	81	0
62	61	0
64	52	0
133	76	0
167	20	0
126	93	0.0666667
118	9	0
101	36	0
91	36	0
140	61	0.0333333
Zero
112	96	0.0333333
199	100	0.0333333
194	90	0
178	95	0
70	33	0
115	79	0.0333333
91	83	0
94	85	0
79	91	0.0333333
78	71	0
175	59	0
117	21	0
161	74	0.0333333
75	76	0.0666667
102	47	0
118	64	0.0333333
138	57	0
145	65	0
124	64	0
148	40	0
180	33	0
111	54	0
175	19	0
170	62	0
109	57	0.0333333
188	96	0
169	37	0
89	16	0
73	82	0
72	25	0.0333333
118	57	0
146	5	0
186	44	0.0333333
165	61	0
109	71	0
160	65	0.0333333
69	88	0.0333333
159	98	0.0666667
88	68	0
155	12	0
167	91	0.0333333
199	78	0
154	97	0
136	28	0
141	66	0.0666667
69	58	0
67	76	0
95	49	0.0666667
105	67	0
